0,5,2:
	fin  = 0.0312441898866698854198009627225474105216562747955322265625000000000000000000000000000000000000000000 (4584662746012014305)
	feq  = 0.0312441898866698888892479146761615993455052375793457031250000000000000000000000000000000000000000000 (4584662746012014306)
	fout = 0.0312441898866698923586948666297757881693542003631591796875000000000000000000000000000000000000000000 (4584662746012014307)
0,5,6:
	fin  = 0.0245779946245240077384863752740784548223018646240234375000000000000000000000000000000000000000000000 (4582741346044105240)
	feq  = 0.0245779946245240112079333272276926436461508274078369140625000000000000000000000000000000000000000000 (4582741346044105241)
	fout = 0.0245779946245240146773802791813068324699997901916503906250000000000000000000000000000000000000000000 (4582741346044105242)
0,5,2:
	fin  = 0.0380032235616003244427218987766536884009838104248046875000000000000000000000000000000000000000000000 (4585637662746863260)
	feq  = 0.0316781267025922630420353698355029337108135223388671875000000000000000000000000000000000000000000000 (4584726120223429308)
	fout = 0.0253668150165424488573506778266164474189281463623046875000000000000000000000000000000000000000000000 (4582968708042412856)
0,5,6:
	fin  = 0.0312444444444444496822299583982385229319334030151367187500000000000000000000000000000000000000000000 (4584662819383297420)
	feq  = 0.0249193475854363848120964775034735794179141521453857421875000000000000000000000000000000000000000000 (4582839734336429515)
	fout = 0.0186080358993865671579648335409729043021798133850097656250000000000000000000000000000000000000000000 (4581020622595148682)
